# Define object locations as [x, y, theta]
location1: [5.63899,-0.0540544,-1.55395]
location2: [4.66496,0.109479,0.0151159]
location3: [2.60673,0.575248,-1.7062]
location4: [1.69404,-2.08162,0.0162187]
front_shelf: [5.65,-0.32,-1.57] # [5.56,0.085,-1.56] [5,0.02,-1.31]

