home: [0.723, -0.486, -1.821]
location1: [1.57764, 0.0225259, -0.00366757]
location2: [2.61283, 0.123866, -0.00366757]
location3: [3.64783, 0.0149229, -0.00355222]
location4: [4.93459, 0.281295, -0.00995993]
location5: [5.17215, 0.0232855, -0.199606]
front_shelf: [5.63516, -0.317152, -1.5708]
is_attached: true
home_real: [0.124, -0.017, 2.722]
location1_real: [0.766, 0.558, -0.597]
location2_real: [0.766, 0.558, -1.7]
location3_real: [1.709, 0.278, -0.519]
location4_real: [1.709, 0.278, -1.7]
location5_real: [2.369, -0.007, -0.303]
location6_real: [2.369, -0.007, -1.7]
location7_real: [3.107, -0.544, -0.6]
location8_real: [3.107, -0.544, -1.7]
location9_real: [3.676, -1.444, -1.703]
location10_real: [3.676, -1.444, -2.9]
location11_real: [2.528, -1.624, 2.407]
location12_real: [2.528, -1.624, 0.9]
location13_real: [1.158, -1.649, 3.0]
location14_real: [1.158, -1.649, 0.9]
location15_real: [0.104, -2.168, 2.33]
location16_real: [0.104, -2.168, 0.9]
location17_real: [0.084, -2.704, 1.84]
is_attached_real: false