# Define object locations as [x, y, theta]
location1: [5.63899,-0.0540544,-1.55395]
location2: [4.66496,0.109479,0.0151159]
location3: [2.60673,0.575248,-1.7062]
location4: [1.69404,-2.08162,0.0162187]
front_shelf: [5.65,-0.32,-1.57] # [5.56,0.085,-1.56] [5,0.02,-1.31]

location1_real: [1.83742, -0.294524, 0.338667]
location2_real: [2.07113, -1.35358, -0.34727]
location3_real: [2.98965, 0.185661, 0.306886]
location4_real: [4.69455, 0.0108907,-2.75615]


