# Define object locations as [x, y, theta]
location1: [1.61694, 0.275651, -0.00839846]
location2: [2.85133, 0.310973, -0.0100902]
location3: [3.98651, 0.394844, -0.0144833]
location4: [4.93459, 0.281295, -0.00995993]
location5: [5.17215, 0.0232855, -0.199606]
front_shelf: [5.63516, -0.317152,-1.5708] # [5.56,0.085,-1.56] [5,0.02,-1.31]
desired_location: [0.485471, -2.26074,-1.54754]

location1_real: [1.39184, -0.863797, 0.223338]
location2_real: [2.44991, -0.600387, 0.224068]
location3_real: [3.0266, -0.400935, 0.221725]
location4_real: [3.52857, 0.212083, -0.00245243]
location5_real: [3.94439, -0.487879, -1.14277]
location6_real: [4.768, 0.0148982, 0.267086]
desired_location_real: [1.64971, -2.99144, -1.19774]
# 3.6879, 0.523785, 1.01193  | 0.998872, 3.09573, 1.02976
